name: loculus-nextclade
channels:
  - conda-forge
  - bioconda
  - nodefaults
dependencies:
  - python=3.14.5
  - biopython=1.87
  - nextclade=3.21.2
  - pip=25.2
  - uv=0.11.17
  - pyyaml=6.0.3
  - pyjwt=2.13.0
  - python-dateutil=2.9.0.post0
  - pytz=2025.2
  - requests=2.34.2
  - pandas=3.0.3
  - ruff=0.15.15
  - types-pyyaml=6.0.12.20250915
  - types-requests=2.33.0.20260503
  - types-python-dateutil=2.9.0.20260408
  - types-pytz=2026.2.0.20260518
  - unidecode=1.4.0
  - pytest=9.0.3
  - pydantic=2.13.4
  - diamond=2.2.1
